284067	284068	284070	284071	284073
173160	173161
172562	172564	172565	172567	172568	172570
196735
272481	272482	272484	272485
314360	314361	314363	314364	314366
243718	243720
231640	231641	231642	231644	231645	231646
196940	196941	196943	196944	196946	196947	196949	196950
89693
407867	407868	407869	407870	407872	407873	407875	407876	407878	407879	407881	407882	407884
400463	400465	400466	400468
233026	233027	233028	233030
340629	340631	340632	340634	340635	340637	340638	340640	340641
216562	216563	216565	216566	216568	216569	216571	216572	216574	216575	216577	216578	216580	216581	216583
448167	448169	448171	448172	448174	448175
145657	145658	145660	145661	145663	145664	145666	145667	145669	145670
183581	183589
250932	250933	250934	250936
252539	252541	252542	252544	252545	252547	252550	252553	252554	252555
269199	269200	269202	269203	269205	269207	269208	269210	269211	269213	269214	269216	269217	269219	269220	269222
260181	260182	260184
117896	117897	117899	117900	117902	117903	117905
450325	450326	450328	450329	450331	450332	450334	450335	450337
245985	245986	245988	245989	245991
294872	294873	294874	294876	294877	294878	294879	294881	294884	294887	294888	294889	294890	294891
247696	247697	247699	247700	247701	247702	247704	247705	247707	247708	247709
422819	422820	422821	422823	422824	422826	422827	422829
118925	118926	118928	118929
230574	230575	230576	230578	230579	230581
258126	258128	258130	258131	258133	258134	258136	258137
134749	134750	134752	134753	134755	134756	134758	134759
159305	159307	159308	159310	159311	159313	159314	159316	159317
54344	54345	54346	54348	54349	54351	54352	54354	54355	54357	54358	54360	54361	54363
214324	214325	214326	214328
143684	143686	143687	143689	143690	143692	143693
28350	28352	28353	28355	28356	28358
69111	69112	69114
453574	453575	453577	453578	453580	453581	453583	453584	453586
145275	145277	145278	145280	145281	145283	145284	145286	145288	145289	145291	145292	145294	145295	145297	145299	145300	145302	145303	145305	145307	145309	145310	145312	145313	145315	145316	145318	145320	145321
86071	86072	86074	86075	86076	86077	86078
430291	430293	430295	430296	430298	430299	430301	430302	430304	430305	430307	430308
146489	146490	146491	146493	146494	146496	146497	146499	146500	146502	146503	146505	146506	146508	146509	146511	146512	146514	146515	146517	146518	146520	146521	146523	146524	146526	146527	146528
202326	202327	202329	202330	202332	202333	202335	202336	202338	202339	202341	202342	202344	202345	202347	202348
23273	23274	23275	23277	23278	23280
284747	284748	284749	284750	284752	284753	284755	284756	284758	284759	284761	284762	284764
173455	173457
458385	458386	458388	458390	458391	458393	458394	458396	458397	458399	458400
288734	288736	288737	288739
288660	288661	288663	288664	288666
410213	410215	410216
127834	127836	127837	127839	127840	127842	127843	127845
465821	465822	465824	465825	465827	465828
327302
20408	20410	20411	20413
52324	52325	52327	52328
332391	332392	332393	332395	332396	332398	332399	332401	332402	332404
247491	247493	247495
332180	332181	332182	332184	332185	332186	332187	332189
351912	351915	351916	351918	351919	351921
16982	16983	16984	16985	16986	16988
453336	453337	453338	453340	453341	453343	453344	453346	453347	453349	453350	453352
434372	434373	434375	434376	434378	434379	434381	434382
30984	30986	30987	30988	30989	30991	30998	30999	31001
248048	248050	248052	248053	248055	248056
106887	106889	106891	106893	106894	106896	106897	106899
83584	83585	83586	83588	83589	83591	83592	83593
160779	160781	160783	160784	160786	160787	160789	160790	160792	160793	160795	160796
56634	56635	56636	56638	56639	56641
343651	343653	343655	343656	343658	343659	343661	343662
308949	308950	308952
16504	16505	16507	16508	16510	16511	16513	16514	16516	16518	16519	16521	16522	16524	16525	16527	16528
255871	255873	255874	255876	255877	255879
82760	82762	82764	82765	82767	82768	82770	82771
111266	111268	111269	111271
151300	151301	151302	151304
444170	444172	444173	444175	444176	444178	444179	444181	444182	444184	444185	444187
314090
253745
317935	317936	317937	317939	317940	317942
40122	40123	40125	40126	40128	40129	40131
262546	262547
429110	429112
274859	274860	274862	274863	274865	274866
425323	425325	425326	425327	425329	425330	425332	425334
453064	453065	453067	453068	453070	453071	453073	453074	453076
283432	283434
255804	255806	255807	255808	255810
347026	347027	347028	347030	347031	347033	347034	347036	347037	347038	347039	347041	347042	347044
21
302201	302203	302205	302206	302208	302209	302211	302213	302214
126992	126994
322361	322362	322363	322365	322366	322368	322369
400818	400820	400821	400823	400824	400826	400827	400829
383861	383862	383863	383865	383866	383868	383869	383871	383872	383874	383875	383877
103825	103827	103829	103830	103832	103833
336590	336591	336592	336594	336595	336597
363511	363513	363515	363516	363518	363520	363521	363523
198812	198813
177956	177957	177959	177960	177962	177963	177965	177966	177968	177970	177971
